355
59
328
195
36
316
121
294
130
234
310
397
273
281
384
80
112
146
138
371
221
53
106
306
190
81
224
300
100
10
133
297
200
188
154
288
52
153
264
265
326
220
173
85
389
385
334
95
365
225
90
114
109
338
205
394
149
13
187
275
230
129
305
386
202
31
167
137
254
295
303
332
373
102
3
76
84
91
16
390
242
69
32
398
245
209
363
367
156
29
177
166
126
360
132
289
381
54
111
134
25
304
145
243
98
62
4
331
194
171
335
165
350
104
268
236
135
253
359
248
322
178
180
375
378
40
346
20
5
258
370
349
283
380
11
269
21
342
207
49
131
284
227
197
39
175
