158
86
144
201
232
261
42
262
319
249
357
115
345
318
391
377
12
113
37
198
368
185
56
141
44
361
9
272
55
259
343
148
352
35
276
94
278
347
213
128
78
298
14
83
118
279
75
274
26
46
337
392
351
237
169
65
199
286
329
247
170
123
260
379
67
27
89
157
97
119
223
222
238
277
235
45
71
60
122
74
219
309
299
395
251
217
184
215
48
226
8
263
68
7
105
159
172
23
151
208
271
246
108
1
282
176
348
191
93
244
396
82
196
339
57
19
376
323
139
400
341
266
382
387
47
34
24
181
312
218
372
250
311
320
160
321
63
186
241
364
33
58
315
51
355
59
328
195
36
316
121
294
130
234
310
397
273
281
384
80
112
146
138
371
221
53
106
306
190
81
224
300
100
10
133
297
200
188
154
