19
161
346
11
274
73
32
6
239
14
185
189
217
102
290
366
304
10
93
359
84
101
111
190
210
99
248
375
384
292
145
141
75
280
264
188
66
381
314
126
243
50
4
234
130
339
82
121
150
211
175
74
310
118
53
311
361
215
24
92
147
236
246
334
259
77
197
192
283
303
328
70
319
324
76
186
391
316
325
173
220
338
277
56
312
80
78
199
249
348
208
400
263
41
376
135
284
371
31
353
40
154
271
293
395
104
27
115
23
309
57
212
357
379
256
397
113
247
258
195
17
218
321
221
166
250
276
79
9
223
347
305
207
273
254
257
279
286
330
67
370
149
108
373
86
224
123
356
326
106
272
120
35
94
329
90
42
81
318
151
398
7
204
191
245
8
301
385
367
138
85
184
337
152
268
124
187
83
389
265
105
62
372
270
89
20
278
12
21
51
261
48
368
386
297
193
167
139
170
365
315
364
71
65
63
388
157
380
331
335
341
44
288
181
54
226
114
177
219
262
351
171
369
5
213
238
387
55
103
209
336
227
299
320
344
382
95
34
43
179
119
182
252
378
269
205
266
176
3
29
394
112
45
144
237
180
39
100
202
47
306
374
363
362
68
260
159
275
160
15
61
165
28
235
392
323
134
244
196
232
225
33
242
300
122
137
64
142
255
131
2
16
25
200
146
295
153
127
201
253
169
360
298
251
345
390
133
287
36
69
148
60
396
158
350
289
355
294
267
109
128
59
349
198
143
216
52
281
241
178
97
116
98
342
156
183
358
49
26
343
13
307
222
352
37
194
129
230
282
164
172
377
91
88
58
332
322
132
46
1
